5.78541
7.11757
8.23136
9.20947
10.0924
10.9035
11.6581
12.3665
13.0364
13.6735
14.2821
14.8657
15.4273
15.9691
16.4931
17.0009
17.494
17.9736
18.4406
18.8962
19.341
19.7758
20.2012
20.6178
21.0262
21.4268
21.8201
22.2064
22.5861
22.9594
23.3269
23.6886
24.0449
24.3959
24.742
25.0834
25.4201
25.7524
26.0805
26.4045
26.7246
27.0409
27.3536
27.6627
27.9684
28.2708
28.5699
28.866
29.1591
29.4493
29.7366
30.0212
30.3031
30.5824
30.8592
31.1335
31.4054
31.675
31.9423
32.2074
32.4704
32.7312
32.9899
33.2467
33.5014
33.7543
34.0053
34.2544
34.5017
34.7473
34.9912
35.2333
35.4738
35.7127
35.95
36.1858
36.42
36.6527
36.884
37.1138
37.4553
37.7948
38.0191
38.2421
38.4638
38.6843
38.9034
39.1214
39.3381
39.5537
39.7681
39.9813
40.1934
40.4044
40.6143
40.8231
41.0309
41.2376
41.4433
41.6479
41.8516
42.0543
42.256
42.5564
42.8554
43.0533
43.3482
43.6418
43.8362
44.0297
44.3182
44.6053
44.9842
45.3614
45.5485
45.7348
46.0125
46.4718
47.1966
47.736
47.9138
48.179
49.2193
50.1678
51.3293
